5
  0 66 30 62 92
 66  0 90 59 93
 30 90  0 16 60
 62 59 16  0 47
 92 93 60 47  0
10
  0  8 61 90 18 63 81 28 80 53
  8  0 30 34 66  1 74  7 78 95
 61 30  0 42 56 81  3 39 45 39
 90 34 42  0 20 15 60 70 66 94
 18 66 56 20  0 73 65 63  7 89
 63  1 81 15 73  0 98 63  1 46
 81 74  3 60 65 98  0 24 67 70
 28  7 39 70 63 63 24  0 17 60
 80 78 45 66  7  1 67 17  0 97
 53 95 39 94 89 46 70 60 97  0
15
  0 93 69 66 13 28 73  8 35 44 30 27 98 43 64
 93  0 14 37 70 37 68 39 75 46 16 55 12 72 27
 69 14  0 93 67 80  2 11  6 23 57 80 77 10 85
 66 37 93  0 71 85 65  5 40 92 34 48 74 47 51
 13 70 67 71  0 48 52 20 32 12 75 37 56 75 66
 28 37 80 85 48  0 27  2 51 21 96 88 39 89 84
 73 68  2 65 52 27  0 41 34  7 24 76 28 93 45
  8 39 11  5 20  2 41  0 24 51 35 54  5 34 67
 35 75  6 40 32 51 34 24  0 76 93 63 18  9 87
 44 46 23 92 12 21  7 51 76  0 48 35 75 47 52
 30 16 57 34 75 96 24 35 93 48  0  2 39 58 27
 27 55 80 48 37 88 76 54 63 35  2  0 21 15 15
 98 12 77 74 56 39 28  5 18 75 39 21  0 99 17
 43 72 10 47 75 89 93 34  9 47 58 15 99  0 60
 64 27 85 51 66 84 45 67 87 52 27 15 17 60  0
20
  0 31 71 56 77  3 19 69  3 57 58 60 17 83 30 90 52 52 51100
 31  0 14 86 87 81 67 59  2 54 93 29 35 91 19 32 41 17 21 17
 71 14  0 52 30 85 60 32 15 21 75 83 42 81 18 80 32 82 18 96
 56 86 52  0 26  6 10 53 40 16 26  9 46  4 71 22 70 98 14 78
 77 87 30 26  0 72 33 66 34 87 98  7 83 19 50 13 30 17 39 90
  3 81 85  6 72  0 95 32 93 79 27 44 18 18  3 49 82 19 47 50
 19 67 60 10 33 95  0 19 26 42 44 61 45 87 59  5  5 45 71 46
 69 59 32 53 66 32 19  0 28 24 27 44 76 15 56 36 22 71 32 57
  3  2 15 40 34 93 26 28  0 29 39 55 42 50 83 94 16 39 79 93
 57 54 21 16 87 79 42 24 29  0 94 10 34 68 92 36 99 34 39 43
 58 93 75 26 98 27 44 27 39 94  0 51 57 76 89 60  9 41 40 82
 60 29 83  9  7 44 61 44 55 10 51  0 35 60 58 56 51  3 96 10
 17 35 42 46 83 18 45 76 42 34 57 35  0 64 62 46 65 14 77 47
 83 91 81  4 19 18 87 15 50 68 76 60 64  0 22 18 76 59  1 11
 30 19 18 71 50  3 59 56 83 92 89 58 62 22  0 16 55 10 21 19
 90 32 80 22 13 49  5 36 94 36 60 56 46 18 16  0 20 24 47 23
 52 41 32 70 30 82  5 22 16 99  9 51 65 76 55 20  0 33 32 76
 52 17 82 98 17 19 45 71 39 34 41  3 14 59 10 24 33  0 27 34
 51 21 18 14 39 47 71 32 79 39 40 96 77  1 21 47 32 27  0 68
100 17 96 78 90 50 46 57 93 43 82 10 47 11 19 23 76 34 68  0
25
  0 74 85 34 35 85 27 45  5 78 46 65 63 16 92 86  2 15 34 79 93 71 75 67 59
 74  0 52 78  2 54 27 45 72 15 21 91 29 35 16 38 52  4 62 93 75 27 62 89 72
 85 52  0 98 32 41 23 21 33 59 39 83 69 47 38 42 47 77 23 36 70 58 14 71 74
 34 78 98  0 52 12 76 80 60 95 35 69 25 56 71 58 27 68 30 48 85 17 27 67 24
 35  2 32 52  0 78 65 97 94 97 59 72 20 71 23 49 94  3 36 59 36 64 88 50 11
 85 54 41 12 78  0 85 15  6 92 13 46 83 37  4 46  1 14 91 81 55 86 46 79 98
 27 27 23 76 65 85  0 25 32 40 11  9 75  3 35 15 64 41 86 92 39 78 63 43 18
 45 45 21 80 97 15 25  0 98 90 38 69  9 45 16 91  6 29 58 29 79 29 46 41 31
  5 72 33 60 94  6 32 98  0 56 94 40 16 99 75 60 20 21 16 90 23  9 60  9 24
 78 15 59 95 97 92 40 90 56  0  8 48 86 18 62 98 79 84 30  8 42  1  2 17 47
 46 21 39 35 59 13 11 38 94  8  0 13 90 52 97 28 49 22 39 35 24 47 95 97 26
 65 91 83 69 72 46  9 69 40 48 13  0 24 58 70 38 97 42 40  9 99 82 15 98 56
 63 29 69 25 20 83 75  9 16 86 90 24  0 43  2 39 73 98 98 74 81 10 34  4 57
 16 35 47 56 71 37  3 45 99 18 52 58 43  0 27 35 99 89 62 83 82 75 61 45 98
 92 16 38 71 23  4 35 16 75 62 97 70  2 27  0 42 27 35 86 59 60 93 31  9 83
 86 38 42 58 49 46 15 91 60 98 28 38 39 35 42  0 55 22 88 72 13 33 21  8 58
  2 52 47 27 94  1 64  6 20 79 49 97 73 99 27 55  0 58 66 19 82  2 19 89 16
 15  4 77 68  3 14 41 29 21 84 22 42 98 89 35 22 58  0 92 89 31  8 86 89 73
 34 62 23 30 36 91 86 58 16 30 39 40 98 62 86 88 66 92  0 64 21 90 87 12 66
 79 93 36 48 59 81 92 29 90  8 35  9 74 83 59 72 19 89 64  0 34 74 44 51 24
 93 75 70 85 36 55 39 79 23 42 24 99 81 82 60 13 82 31 21 34  0 26 38 18 16
 71 27 58 17 64 86 78 29  9  1 47 82 10 75 93 33  2  8 90 74 26  0 32 42 77
 75 62 14 27 88 46 63 46 60  2 95 15 34 61 31 21 19 86 87 44 38 32  0 59 18
 67 89 71 67 50 79 43 41  9 17 97 98  4 45  9  8 89 89 12 51 18 42 59  0 58
 59 72 74 24 11 98 18 31 24 47 26 56 57 98 83 58 16 73 66 24 16 77 18 58  0
30
  0 55  4 34 30  3 75 71 13 96 71 88 33 71 31 21 27  8100 12  8 79 57 19 37 90  4 78 10 23
 55  0 92 46 49 33 24 13 59 61 71 64 18 44 57 79 34 77 90 60 92 13 98 65  9 38 75 54 77 74
  4 92  0 49 68 89 81 65 69 98  8 30 93 63 35 85 74 15 79 37 28  2  4 87 95 54 44 49 97  6
 34 46 49  0 87 97  3 86 21 70  7 88 79 59 62 85100 29 43 43 65 22 67 83 82 46  3 34 38 52
 30 49 68 87  0 18 28  4 56 73 46 42 45 46 66 44 80 48 73 56 64 25 96 89 61 84 66 56 24 69
  3 33 89 97 18  0 57 77 77 30 61 32 39 81 99  1 56 92 34 13 73  6  2 29  6 47 41 42 19 48
 75 24 81  3 28 57  0 73 72 91 59 61  7 46 87 13 48 79 78 43 17 84 63 28 72 65 57 26 77 76
 71 13 65 86  4 77 73  0 81 56 32 77 13 38 22 35 94 49 97 69 87 30 21 75 36 14 25 85 37 12
 13 59 69 21 56 77 72 81  0 43 78 92 76 88  6 33 18 65 42 19 55 25 80 13 22 82  7 85 68 76
 96 61 98 70 73 30 91 56 43  0 68  3 50 99 55 81 32 12  7 76  7100 36 94 67 53 56 39 82 77
 71 71  8  7 46 61 59 32 78 68  0 88 21 64 91 10 77 61 18100 50 92 42 10  4 86 85 81 20 77
 88 64 30 88 42 32 61 77 92  3 88  0 22 50 80 38 32 97 63 75  5 83 35 95  8 19 15 26 26  8
 33 18 93 79 45 39  7 13 76 50 21 22  0 13 26 68 22  5 19 19 28  9 59 49 86  2  8 47 76 16
 71 44 63 59 46 81 46 38 88 99 64 50 13  0  8 84 43 46 64 86 47  4 89 58 27 79 62 37  9 58
 31 57 35 62 66 99 87 22  6 55 91 80 26  8  0 64 88 61 17 50 10 79 57 52 67 38 35 29 17 12
 21 79 85 85 44  1 13 35 33 81 10 38 68 84 64  0 89100 41 45  1 35 74 39 46 18 21 79 89 51
 27 34 74100 80 56 48 94 18 32 77 32 22 43 88 89  0 34 23 90 51 71 30 97 47 38 82 60 10  6
  8 77 15 29 48 92 79 49 65 12 61 97  5 46 61100 34  0 68 57 46 11 21  7 53  9 64 56 19 29
100 90 79 43 73 34 78 97 42  7 18 63 19 64 17 41 23 68  0 51 68 65 61 34 47 22 12  8 79  9
 12 60 37 43 56 13 43 69 19 76100 75 19 86 50 45 90 57 51  0 90 24 34 37 22 11 60 96 94 93
  8 92 28 65 64 73 17 87 55  7 50  5 28 47 10  1 51 46 68 90  0 12 46  1 32 50 23  6 70 26
 79 13  2 22 25  6 84 30 25100 92 83  9  4 79 35 71 11 65 24 12  0 91 83 88 60 46 83 37 58
 57 98  4 67 96  2 63 21 80 36 42 35 59 89 57 74 30 21 61 34 46 91  0 88 67 53 58 69 55 79
 19 65 87 83 89 29 28 75 13 94 10 95 49 58 52 39 97  7 34 37  1 83 88  0 17 53 25 32 83 66
 37  9 95 82 61  6 72 36 22 67  4  8 86 27 67 46 47 53 47 22 32 88 67 17  0 40 44 41 28 78
 90 38 54 46 84 47 65 14 82 53 86 19  2 79 38 18 38  9 22 11 50 60 53 53 40  0 76  7 89 87
  4 75 44  3 66 41 57 25  7 56 85 15  8 62 35 21 82 64 12 60 23 46 58 25 44 76  0 22 27 51
 78 54 49 34 56 42 26 85 85 39 81 26 47 37 29 79 60 56  8 96  6 83 69 32 41  7 22  0 72 17
 10 77 97 38 24 19 77 37 68 82 20 26 76  9 17 89 10 19 79 94 70 37 55 83 28 89 27 72  0 60
 23 74  6 52 69 48 76 12 76 77 77  8 16 58 12 51  6 29  9 93 26 58 79 66 78 87 51 17 60  0
35
  0 31 26 71 10 40 21  1 48 68 31 63 19 62 72  6 60 43 76 76 84 51 74 77 42 80  8 82 45 55 52 56 37 29 78
 31  0 65  6 28 43  1 82 37 62 73 96 84 16  3 19 13 12 27 27 92 90 11 41 20 67 92 65 74 92100 11 92 65 16
 26 65  0  9 72 56 58 19 40 63 51  8 16 50 40 62 30  2 31 71 34 37 17 69 26 83 28  3 12 72 47  6 90 57 14
 71  6  9  0 83  8 33 42 24 50 49  7  6 93 97 71 33 16 43 68 32 45 21 70 91  9 87 74 69 67 98 87 99 38 43
 10 28 72 83  0 13 86  7 82 67 17 99 26 20 10 89 44 15 30 90 26 88 19  3 61 68 42 28 10 72 83 62 21 15 76
 40 43 56  8 13  0 76 24 20  5 23 68 32 90 25 21 18 45100 82 92 10 44  3 90 88 15 69 15 75 58 36 57 42 23
 21  1 58 33 86 76  0 41 52 73 33 10 51 72 39 41 69  2 58 73 76 39 52 77 98 31 90 83 85 93 57 47 75 94 63
  1 82 19 42  7 24 41  0 11 36 56 31 69 14 63 98 50 33 59 51 39 62 70 92 34 15 67 86 94  3 67  2 93 29 12
 48 37 40 24 82 20 52 11  0 23 33 12 49 99 77 43 37  3 91 24 86 40 73 59 55 20 76 12 37 88 78 22 77 46 51
 68 62 63 50 67  5 73 36 23  0  9 58 94 54 99 69 76 11 39 47 86 31 63 12 68  1 11 34 45 49  8 50 81 60 87
 31 73 51 49 17 23 33 56 33  9  0 59 31 15 18 87 90 37 81 32 91  4 52 43 27 71 36 23 80 14 69 79 15 48 94
 63 96  8  7 99 68 10 31 12 58 59  0 76 29 74 22 49 41 91 75 12 65 86 55 12 16  6 53 44 93 44 20 79 29 51
 19 84 16  6 26 32 51 69 49 94 31 76  0 41  8 11 87 43 43  8 25 98 11 22 94  9 41 43 83 99  3 20 98 27 97
 62 16 50 93 20 90 72 14 99 54 15 29 41  0 94 11  9 98 70 97 17 34  4 57 99 23 44 99 65 13 76 98 55 82 29
 72  3 40 97 10 25 39 63 77 99 18 74  8 94  0 56  9 35 95 91 31 49 84 84 63 15 44 96 83 10  1 69 10 24 66
  6 19 62 71 89 21 41 98 43 69 87 22 11 11 56  0 28 79 45 68 52 26 45 24 13 89  2 12 91 25 48  5 13 65 74
 60 13 30 33 44 18 69 50 37 76 90 49 87  9  9 28  0 33 31 81  7 72 89 61 85 93 62 38 31  8 91 44 30 47 61
 43 12  2 16 15 45  2 33  3 11 37 41 43 98 35 79 33  0 83 15 89 65 18 82  3 86 13 64 29 45 13 95 15 38 73
 76 27 31 43 30100 58 59 91 39 81 91 43 70 95 45 31 83  0 94 44  1 90 49 45 54 91  2 19 16 76 82 59 69 18
 76 27 71 68 90 82 73 51 24 47 32 75  8 97 91 68 81 15 94  0 91 76 90 49 14 55 90 40 60 97 54 72 83 75 98
 84 92 34 32 26 92 76 39 86 86 91 12 25 17 31 52  7 89 44 91  0 75 37 85 85 95 22 34 83 86 56 66 75 55 99
 51 90 37 45 88 10 39 62 40 31  4 65 98 34 49 26 72 65  1 76 75  0 34 56 74 17 79 48 60 93 76 15 38 73 22
 74 11 17 21 19 44 52 70 73 63 52 86 11  4 84 45 89 18 90 90 37 34  0 97 82 38 40 20 50 90 36 26 90 62 63
 77 41 69 70  3  3 77 92 59 12 43 55 22 57 84 24 61 82 49 49 85 56 97  0 63 31 96 23 29 86 83 97 88 64 46
 42 20 26 91 61 90 98 34 55 68 27 12 94 99 63 13 85  3 45 14 85 74 82 63  0  7 86  1100 58 95  9 53 68 12
 80 67 83  9 68 88 31 15 20  1 71 16  9 23 15 89 93 86 54 55 95 17 38 31  7  0  6 18 38 87  5 84 25 98  2
  8 92 28 87 42 15 90 67 76 11 36  6 41 44 44  2 62 13 91 90 22 79 40 96 86  6  0 37 97 44 33 11 13 23 70
 82 65  3 74 28 69 83 86 12 34 23 53 43 99 96 12 38 64  2 40 34 48 20 23  1 18 37  0  4 67 78 10 21 48 80
 45 74 12 69 10 15 85 94 37 45 80 44 83 65 83 91 31 29 19 60 83 60 50 29100 38 97  4  0 58  1 52 27 85 63
 55 92 72 67 72 75 93  3 88 49 14 93 99 13 10 25  8 45 16 97 86 93 90 86 58 87 44 67 58  0  4 16 19 67 62
 52100 47 98 83 58 57 67 78  8 69 44  3 76  1 48 91 13 76 54 56 76 36 83 95  5 33 78  1  4  0 23 47 19 82
 56 11  6 87 62 36 47  2 22 50 79 20 20 98 69  5 44 95 82 72 66 15 26 97  9 84 11 10 52 16 23  0 78 18 80
 37 92 90 99 21 57 75 93 77 81 15 79 98 55 10 13 30 15 59 83 75 38 90 88 53 25 13 21 27 19 47 78  0 94 42
 29 65 57 38 15 42 94 29 46 60 48 29 27 82 24 65 47 38 69 75 55 73 62 64 68 98 23 48 85 67 19 18 94  0 75
 78 16 14 43 76 23 63 12 51 87 94 51 97 29 66 74 61 73 18 98 99 22 63 46 12  2 70 80 63 62 82 80 42 75  0
40
  0 60 19 60 13 71 12 41 21 83 96 66 38 60100 74 57 37 30 36 54  6 23 16 45 16 92 99 18 12 91 89 23 10 48 87 80 11 28 53
 60  0 59 58 94 21 95 48 85 16 31 74 56 64 44  1 70 16 22 97 32 66 99100 43 11 18 41 87 66 35 63 91 45 72 36 65 18 83  1
 19 59  0 88 60 97 12 87 51 99 11 45  3 59 80 59 12 65 30 17 18  7 63 99 39 13 13 45  9 29 52 24  9 95 11 68 91 75  6 93
 60 58 88  0 99 80 58 48 76 49 17  6 36  4 15 47100 61 11 36 31 40 32  8 37 68 59 14 14 29 59 11 81 94 59 79 74 16 78 49
 13 94 60 99  0  2 22 10  4 60 61 95 58 35 46 44 84 84 67 84 57 45 96 25 38 85 21 14 98 58 43 71 29 32 33 88 33 54 97 88
 71 21 97 80  2  0  5 86 54  6 45 34 70 43 75 44 77 96 75 30 35 32  6 22 65 82 62  1 14 91 23  9 54 31 57 82 26 62 67 31
 12 95 12 58 22  5  0 53 97 24 91 20 11 42 16 10 52 56 86 47 29  5 79 22 65 20 93 30 39 48 15 63 24 14 28 71 94 50 24 90
 41 48 87 48 10 86 53  0 48 54 14 96 22  1 21 99 49 51 63 76 54 19 78  6 57 26 53 47 16 71 59 88 63 96  2 27 54 76 21  1
 21 85 51 76  4 54 97 48  0 79 31 83 13  4  1 96  4  6 28 56 39 39 58 69 45 25 99 66 83  1 27 73 62 19  1 58  3 47 38 54
 83 16 99 49 60  6 24 54 79  0 62 83 52 44 84 48 63 70 35 35 16 80 99 88 68 80 33 77 91 96 40 58 27 25 32 55 78 62 32  4
 96 31 11 17 61 45 91 14 31 62  0  4 14 57 93 20 99 34 52 99 93 94 87 68 52 60 84 11 67 67 65 89 28 44 21 82 63 79 49 36
 66 74 45  6 95 34 20 96 83 83  4  0 75 74 26 77 26 18 46 81 38 45 49 54 30 43 90 25 30 53 83  9 90 25 17 70 33 14 88 15
 38 56  3 36 58 70 11 22 13 52 14 75  0 77 54 22 44 50 40 52  6 43 66  4 66 60 92 40 26 92 77 71 71 39 35 47 12100 19  3
 60 64 59  4 35 43 42  1  4 44 57 74 77  0 38 15 79 12 79 91 24 59 77 54 26 50 85 72 36 51 38 82 75 67 46 36 75 88 11 86
100 44 80 15 46 75 16 21  1 84 93 26 54 38  0 98 37 16 27 54 82 53 79 96 89 75 40 90 48100 18 99 24 80 14 15 10 20 65 95
 74  1 59 47 44 44 10 99 96 48 20 77 22 15 98  0 53 43100 77 74 89 60 98 75 51 23  1 44 13 77 82 20 78 27  7 62 49 71 74
 57 70 12100 84 77 52 49  4 63 99 26 44 79 37 53  0 86 44  5 47 95  1 58 59 65 97 37 92 12 97 80 89 56 45 55 14 82 84 34
 37 16 65 61 84 96 56 51  6 70 34 18 50 12 16 43 86  0 58  3 65  3 44 26 38 83 37  1 14 50 78 76 29 80 67 33 30  2 40 80
 30 22 30 11 67 75 86 63 28 35 52 46 40 79 27100 44 58  0 60 74 13 79 43 67 53 88 44 34 75 27 68 92 61 37 94 46 32  6 96
 36 97 17 36 84 30 47 76 56 35 99 81 52 91 54 77  5  3 60  0 46 93  5 34 31 75 96 90 44 17 16 92 26 53 91 43  7 32 72 15
 54 32 18 31 57 35 29 54 39 16 93 38  6 24 82 74 47 65 74 46  0 96 88  9 98 29 72 93 52 80 96 97 88 95 96 13 66 87 20 91
  6 66  7 40 45 32  5 19 39 80 94 45 43 59 53 89 95  3 13 93 96  0 77 76 54 95 72  5 17 31 46 72 81 49 51 76 46 31 79 40
 23 99 63 32 96  6 79 78 58 99 87 49 66 77 79 60  1 44 79  5 88 77  0 53 91 97 58 16 94 65 83 50 23 98 98 53 28 78 10 31
 16100 99  8 25 22 22  6 69 88 68 54  4 54 96 98 58 26 43 34  9 76 53  0 69 24 85 53 37 17 81 25 43 28 19 55  6 60 87  5
 45 43 39 37 38 65 65 57 45 68 52 30 66 26 89 75 59 38 67 31 98 54 91 69  0 46 31 35 62 17 13 14 75 25 34 77  4 27 14 70
 16 11 13 68 85 82 20 26 25 80 60 43 60 50 75 51 65 83 53 75 29 95 97 24 46  0 66 95 76 74 71 76 53 21 79 48 63 19 82 25
 92 18 13 59 21 62 93 53 99 33 84 90 92 85 40 23 97 37 88 96 72 72 58 85 31 66  0 33 34 70 55 77 45 38  2 81 15 28 45 35
 99 41 45 14 14  1 30 47 66 77 11 25 40 72 90  1 37  1 44 90 93  5 16 53 35 95 33  0 83 78 74 21 25 29 73 76 18 71 28  5
 18 87  9 14 98 14 39 16 83 91 67 30 26 36 48 44 92 14 34 44 52 17 94 37 62 76 34 83  0 37 47 27 97 32 97 69 46 47 24  6
 12 66 29 29 58 91 48 71  1 96 67 53 92 51100 13 12 50 75 17 80 31 65 17 17 74 70 78 37  0 26 56 30 66 21 66 14 12  5 22
 91 35 52 59 43 23 15 59 27 40 65 83 77 38 18 77 97 78 27 16 96 46 83 81 13 71 55 74 47 26  0 82 32 26 10 24 79 58 39 45
 89 63 24 11 71  9 63 88 73 58 89  9 71 82 99 82 80 76 68 92 97 72 50 25 14 76 77 21 27 56 82  0 73 82  1 84 29 24 99 86
 23 91  9 81 29 54 24 63 62 27 28 90 71 75 24 20 89 29 92 26 88 81 23 43 75 53 45 25 97 30 32 73  0 77 94 50 42 85 31 97
 10 45 95 94 32 31 14 96 19 25 44 25 39 67 80 78 56 80 61 53 95 49 98 28 25 21 38 29 32 66 26 82 77  0 87 56 76 43 42 81
 48 72 11 59 33 57 28  2  1 32 21 17 35 46 14 27 45 67 37 91 96 51 98 19 34 79  2 73 97 21 10  1 94 87  0 80 42 95 74 36
 87 36 68 79 88 82 71 27 58 55 82 70 47 36 15  7 55 33 94 43 13 76 53 55 77 48 81 76 69 66 24 84 50 56 80  0 33 38 67 19
 80 65 91 74 33 26 94 54  3 78 63 33 12 75 10 62 14 30 46  7 66 46 28  6  4 63 15 18 46 14 79 29 42 76 42 33  0 34 95 54
 11 18 75 16 54 62 50 76 47 62 79 14100 88 20 49 82  2 32 32 87 31 78 60 27 19 28 71 47 12 58 24 85 43 95 38 34  0 67100
 28 83  6 78 97 67 24 21 38 32 49 88 19 11 65 71 84 40  6 72 20 79 10 87 14 82 45 28 24  5 39 99 31 42 74 67 95 67  0 28
 53  1 93 49 88 31 90  1 54  4 36 15  3 86 95 74 34 80 96 15 91 40 31  5 70 25 35  5  6 22 45 86 97 81 36 19 54100 28  0
45
  0  5 61 91 48  9 69 89 33 22 20 96 84 60 12 39 41 29 48  1 16 53 81 52 22 60 15 39 48 51 30 56 55 90 99 54 50 67 42 82 40 61 78 23 21
  5  0100 82 72 22  1 75 20 19 31 37 44 52 27 73 79 48 56 83 23 37 37 18 53 87 39 14 15 50  8 92 26 60 26 49 33 26 75 53 96  5 41 91  9
 61100  0100 87 11 31 79 86 48 17 16 92  9 48 52 79 99 19 44 33  1  6 21 10 32 58  8 26  1 54 96 25 34 47 12 96 77 42 82 25 59 97 16 19
 91 82100  0 79 47 18 77 29 99 28 45 35 94 57 22 37  6  4 27 72 40 19 14 48 61 21 35 32 76 51 87 76 52 36 54 50  5 82 30  4 10 26 90 55
 48 72 87 79  0 34 38  6 22 27 55 29 93 31 59 36 91 79100 82 88 58 49 60 72 50 54 72 63 99 92 53 80 60 81 98 45 18 55 19 96 62 47 41 92
  9 22 11 47 34  0 36 78 78 39 51 71 68 62  3 48  9 53 91 24 87 43  7 30 95 45 48  8  2 62 29  7 38 29 50 48 28 86 77 57 24 27 79 91 40
 69  1 31 18 38 36  0 35 18 73 38 84 68 68 53 88 67 95 29 91 24 93 63 44 77 79 53  7 58  5 58 74 30 54 55 41 52 39 76 21 64 65  4 83 85
 89 75 79 77  6 78 35  0 15 45 19 33 24 69 59 60 56 57 83 93  3 60 16  4 30 98 71100 79  7 96 84 47 70 52 96 39 44 61 53 88 31 37 64 51
 33 20 86 29 22 78 18 15  0 19 12 40 14  8 14 26 42 73 86 60 53 15 74 14 66 72  5 58 16  4  8 55 44 76 40 14 38  7 96 66 25  8  6 38 67
 22 19 48 99 27 39 73 45 19  0 17 26 41 93 71 56 40 65 23 47 81  8 32 81 54 57 14 65 92 35 43 45 22 11 42 47 30 58 21 89 17 89 14  9 82
 20 31 17 28 55 51 38 19 12 17  0 16  5 47 52 97 25 56 31 91 57  8 37 16 61 29 41 19  8 79 30 81 56 52 57 87 56 70 66 72 98 60 87 54  6
 96 37 16 45 29 71 84 33 40 26 16  0 52 99 65 62 18 76 62 38 22 55 77 32 24 63 49 13 31 14 80 81  3 21 33 72 24 62 79 69 14 25100 17 23
 84 44 92 35 93 68 68 24 14 41  5 52  0 50 96 26 24 75 30 48 77 75 91 59 89 17 63 88 92 11 42 97 53  6 71 64  4 67 88 62 47 44 84 44 93
 60 52  9 94 31 62 68 69  8 93 47 99 50  0 88 99 46 53 13 13 10  3 50 80 35 81 19 42 21 67 23 21 26 99 19 41 19 80 22 79  2 17 29  7 11
 12 27 48 57 59  3 53 59 14 71 52 65 96 88  0 56 24 84 10 40 37 41 72 16 89 48 52  1 62 71  2 38 31 53  5 90 30 91 98  3 43 90 58 19 89
 39 73 52 22 36 48 88 60 26 56 97 62 26 99 56  0 93 44 92 61 13 15  6 90 11 31 10 59 85 55 92 17 40 25 20 79 42 20 88 44  2 90 33 84 44
 41 79 79 37 91  9 67 56 42 40 25 18 24 46 24 93  0 66 93 33 40 33 43 19 22  6 12 18 44 97 86 51 36 52 38 26 78 85 29 78 24 53 80 16 93
 29 48 99  6 79 53 95 57 73 65 56 76 75 53 84 44 66  0 44 24 88 50 19 32 11 64 42 78 15 66 18 64 69 24 13 71 11 87 41 95 82 40 33 86 21
 48 56 19  4100 91 29 83 86 23 31 62 30 13 10 92 93 44  0 80 40 32 74 37 64 11 95 71 89 44 98 98 20 72 51 96 28 79 31 16 41 42 30 39 59
  1 83 44 27 82 24 91 93 60 47 91 38 48 13 40 61 33 24 80  0 71 36 11 29 98100 85 49 85 57 70 40 57 10 66 35 88 81 69 77 67 79 52 82 41
 16 23 33 72 88 87 24  3 53 81 57 22 77 10 37 13 40 88 40 71  0 99  3 86 95 67 70 57  1 77 80 87 63 80  2 13 88 21 82 43 77 74 73 80 89
 53 37  1 40 58 43 93 60 15  8  8 55 75  3 41 15 33 50 32 36 99  0 71 16 46 92 61  7 31 17  8 41 39 36 20 77 70 54 53 57 49 64 58 96 14
 81 37  6 19 49  7 63 16 74 32 37 77 91 50 72  6 43 19 74 11  3 71  0 68 70 34  2 96 70 73 65 37 57 62 51 76 97 33 74 36 71 72 93 79 21
 52 18 21 14 60 30 44  4 14 81 16 32 59 80 16 90 19 32 37 29 86 16 68  0 19 49 31  4 65 10 10 62 31 53 22 15 55 57 14 27 19 27 12  8100
 22 53 10 48 72 95 77 30 66 54 61 24 89 35 89 11 22 11 64 98 95 46 70 19  0 33 26 10 59 66 29 14 49 31 84 24  6 72 35 24 47 35 15 94 44
 60 87 32 61 50 45 79 98 72 57 29 63 17 81 48 31  6 64 11100 67 92 34 49 33  0 99 92 40 68 90  2 99 59  3100 52 67 69 14 93 36 76  2 74
 15 39 58 21 54 48 53 71  5 14 41 49 63 19 52 10 12 42 95 85 70 61  2 31 26 99  0  8 91 18 14 21 73 47 12 42 75 90  7 87 96 98 50 44 61
 39 14  8 35 72  8  7100 58 65 19 13 88 42  1 59 18 78 71 49 57  7 96  4 10 92  8  0 83  5 96  5 12 15 66 31 70 91 57 41 55 32 57 26 59
 48 15 26 32 63  2 58 79 16 92  8 31 92 21 62 85 44 15 89 85  1 31 70 65 59 40 91 83  0 57 69 23 85 79 57 26 32 53 49 97 66 54 83 21 31
 51 50  1 76 99 62  5  7  4 35 79 14 11 67 71 55 97 66 44 57 77 17 73 10 66 68 18  5 57  0 61 56  7 67 64  9 36  7  2 79 20 63 13 63 54
 30  8 54 51 92 29 58 96  8 43 30 80 42 23  2 92 86 18 98 70 80  8 65 10 29 90 14 96 69 61  0  6  8 38 93 80 52 65 51 43 70 70 85 25 72
 56 92 96 87 53  7 74 84 55 45 81 81 97 21 38 17 51 64 98 40 87 41 37 62 14  2 21  5 23 56  6  0 36 70 86 41 33 13 18 64 64  4 50  6 30
 55 26 25 76 80 38 30 47 44 22 56  3 53 26 31 40 36 69 20 57 63 39 57 31 49 99 73 12 85  7  8 36  0 53 56 38 67  6100 92 87 62 63  3 78
 90 60 34 52 60 29 54 70 76 11 52 21  6 99 53 25 52 24 72 10 80 36 62 53 31 59 47 15 79 67 38 70 53  0 95 38 80 62100 22 28 12 96 38 38
 99 26 47 36 81 50 55 52 40 42 57 33 71 19  5 20 38 13 51 66  2 20 51 22 84  3 12 66 57 64 93 86 56 95  0 75 42 15 33 27 44 42 21 61 57
 54 49 12 54 98 48 41 96 14 47 87 72 64 41 90 79 26 71 96 35 13 77 76 15 24100 42 31 26  9 80 41 38 38 75  0  1 46 38 39 56 29 58 75 47
 50 33 96 50 45 28 52 39 38 30 56 24  4 19 30 42 78 11 28 88 88 70 97 55  6 52 75 70 32 36 52 33 67 80 42  1  0 99 79 59 35 42 77 88 23
 67 26 77  5 18 86 39 44  7 58 70 62 67 80 91 20 85 87 79 81 21 54 33 57 72 67 90 91 53  7 65 13  6 62 15 46 99  0 89 38 98 38 41 57 25
 42 75 42 82 55 77 76 61 96 21 66 79 88 22 98 88 29 41 31 69 82 53 74 14 35 69  7 57 49  2 51 18100100 33 38 79 89  0 37  6  6  3 42  2
 82 53 82 30 19 57 21 53 66 89 72 69 62 79  3 44 78 95 16 77 43 57 36 27 24 14 87 41 97 79 43 64 92 22 27 39 59 38 37  0 26 16 41 91 80
 40 96 25  4 96 24 64 88 25 17 98 14 47  2 43  2 24 82 41 67 77 49 71 19 47 93 96 55 66 20 70 64 87 28 44 56 35 98  6 26  0 13 69 68 24
 61  5 59 10 62 27 65 31  8 89 60 25 44 17 90 90 53 40 42 79 74 64 72 27 35 36 98 32 54 63 70  4 62 12 42 29 42 38  6 16 13  0 65 16 59
 78 41 97 26 47 79  4 37  6 14 87100 84 29 58 33 80 33 30 52 73 58 93 12 15 76 50 57 83 13 85 50 63 96 21 58 77 41  3 41 69 65  0 68 52
 23 91 16 90 41 91 83 64 38  9 54 17 44  7 19 84 16 86 39 82 80 96 79  8 94  2 44 26 21 63 25  6  3 38 61 75 88 57 42 91 68 16 68  0 55
 21  9 19 55 92 40 85 51 67 82  6 23 93 11 89 44 93 21 59 41 89 14 21100 44 74 61 59 31 54 72 30 78 38 57 47 23 25  2 80 24 59 52 55  0
50
  0 63 24 15 47  3  4  1 88 45 55 43 95 84 96 79 92 88 65  2  8 95 20 19 24 42 73 38 36 73 54 51 88 29 66 34 84 21 35 71 18 41 65 64 76 61 42 67100  6
 63  0 35 76 58  9 35 97 97 44  6 69 13  2 74 79 26 54 29 26 57 97 77 84 49 44 27 79100 35 93 18 70 27 93 28 88 79 76 84 75 81 52 87 82 77 18 59 31 98
 24 35  0  3 86 33 17 78 84 84 25 33 93  1 43 13 25 73 91 35 19 91 24 27 91 74 56 34 20 95 20 62 42 82 64 27 14 32 57 97 68 81 30 60 33 72 24 58 44 66
 15 76  3  0 95 40  2 29  2 74  4 46 90 99 72 49 40  7 51 87 63 41 68 23 73 31 82 50 29 99 58 50 66 18 19 61 10 20 41 63 45 44  9 87 94 32 35 85 38 37
 47 58 86 95  0 23 93 56 57 79 77 20 13 42 75 18 29 91  4 43 46 58 27 48 39 32 66 11 61 50 35 52 53 41 55 97 15 48 52 71 78 28 42 90 21 16 60  1 59 63
  3  9 33 40 23  0 21  6 84 28 53 20 31 73 91  2  8 19 37 15 28 28 82 51 76 18 67 73 80 56  7 93 56 69 44 96 68 64 53  3 92 57 22 74 82 12 28 89 83 64
  4 35 17  2 93 21  0 87 57  2 60 55 81 28 20 12 87  1 79 34 54 16 60 88 28 35 85 74 99 87 88 40 35 25 50 82 59 51 68 15  4 27 22 36  6 41 48 93 41 26
  1 97 78 29 56  6 87  0 90 81 67  9 44 23 63 22 39 66 32 51 23 29 67 35 84 77 86 40 18 24 88 34 46 94 44 70  5 99  6 46 79 72  6 22 46 68 43 84 34 27
 88 97 84  2 57 84 57 90  0 52 88 67  3 82 84 81 15 54 72 48 10 23 81 41 81  9 68100 45 75  1 88 94 54 31 56 20 40 75 39 91 15 57 45 48 93 25 62 46 48
 45 44 84 74 79 28  2 81 52  0 44 23 55 73 57 25 84 66 86  3  4 28 53 23 88 34 84 32 74 61 13 13 23 88 85  9  8 36 51 10 65 94 32 72 18 41 96  2 58 82
 55  6 25  4 77 53 60 67 88 44  0 92 69  8 35 86 76 72 83 15 60 37 73 98 91 10 21 39 23 56 18 13 76 46 89 74 68 92 66 49 25 70 92 46 77 26 31  4 98 66
 43 69 33 46 20 20 55  9 67 23 92  0 16 20 81 58 61  7 58 60  7 88 87 69 99 76 15 44 75 64 42 48 91 73 78 14 69 38 89 83 35 96 52 51 15 84 60 76 91 17
 95 13 93 90 13 31 81 44  3 55 69 16  0 53 94 91 19 82 90 42 15 11 30  8  8 90 45 99 26 69 42 73 96 38 49  8 27 58 12  4 21  9 60 76 61  5 66 31 38  7
 84  2  1 99 42 73 28 23 82 73  8 20 53  0 12 43 71 96 86 38 98 48 39  9 62 61 26  4 24 83 63 28 26100 90 79 23 51 53 45 99 38 12  4  6 75 98 29 71 35
 96 74 43 72 75 91 20 63 84 57 35 81 94 12  0 46 61 88 19 14 22  1 74 16  7 28 59 42  1 96 84100 91  3 87 38 94  8 82 27 31 68 74 86 17 51 31 78 90  1
 79 79 13 49 18  2 12 22 81 25 86 58 91 43 46  0  4 16 64  9 88 20 86 40 12 72 42 32 60 77 35 87 72 44 55 89 38 45  5 36 17 77 76 26 78 33  3 81100 66
 92 26 25 40 29  8 87 39 15 84 76 61 19 71 61  4  0 79 37 19 24 52 74 23 79 22 19  7 53 79 54 81  8 82 93 43 16 50 35 32 84 98 57 20 50 68 15 81 98 51
 88 54 73  7 91 19  1 66 54 66 72  7 82 96 88 16 79  0 55 62 40 91 42 67 30 86  9 43 97 58 73 97 85 78 81 14 68 87 51 61 48 96  2 60 11 91 21 37100 27
 65 29 91 51  4 37 79 32 72 86 83 58 90 86 19 64 37 55  0 66 86 29 30 94 22 43  2  8 59 11 23 62 66 21 47 32 94 71 20 27 94  6 90 98 51 14 62 17 52 99
  2 26 35 87 43 15 34 51 48  3 15 60 42 38 14  9 19 62 66  0 53 47 92 43 55 82 32  6 75 27 81 38 16 18 50 90 21 87 79 80  4 20  6 76 67 13 46  9 80 22
  8 57 19 63 46 28 54 23 10  4 60  7 15 98 22 88 24 40 86 53  0 91 33 99 57 66 49 72 55  2 38  8 19 51 25 39 94 71 54 33 44 52 62 43 37 77 85 98  5 51
 95 97 91 41 58 28 16 29 23 28 37 88 11 48  1 20 52 91 29 47 91  0 93 54  7 60 95 46 55 14 40 20 17 63  4 77 56 33 40  1 50 93 14 99 64 74  8 22 91 81
 20 77 24 68 27 82 60 67 81 53 73 87 30 39 74 86 74 42 30 92 33 93  0  2 77 14 36 86 93  4  1 83 14 71 23 71 24  2 64 18 51 91 30 89 44 67 13 55 58 74
 19 84 27 23 48 51 88 35 41 23 98 69  8  9 16 40 23 67 94 43 99 54  2  0 75 40 98 45 11 65  9 84  6 42 59  8 31 93 54 25 81 37 24 45 84 60 63  8 76 94
 24 49 91 73 39 76 28 84 81 88 91 99  8 62  7 12 79 30 22 55 57  7 77 75  0 95 18 48 70 28 50 49 77 97 12 97 74 52 57 82 47 54  4 94  1 78 38 34 58 61
 42 44 74 31 32 18 35 77  9 34 10 76 90 61 28 72 22 86 43 82 66 60 14 40 95  0 95 32 65 75  6 61 30 93 90 29 50 50 53 38 18 18 70 58 98 13 28 32 50 52
 73 27 56 82 66 67 85 86 68 84 21 15 45 26 59 42 19  9  2 32 49 95 36 98 18 95  0 38 48  6  1 65 33 13 30  3 82 47 59 54 89 80 44 82 36 51 90 12 45 92
 38 79 34 50 11 73 74 40100 32 39 44 99  4 42 32  7 43  8  6 72 46 86 45 48 32 38  0 90 73 99 77 18 92 51 57 14 39  7 72 88 29 46  4 39 78 14 91 12 37
 36100 20 29 61 80 99 18 45 74 23 75 26 24  1 60 53 97 59 75 55 55 93 11 70 65 48 90  0  5 47 45 34 35 82 18 28 59 34  4 77 55100 90 51 15 61 43 44  1
 73 35 95 99 50 56 87 24 75 61 56 64 69 83 96 77 79 58 11 27  2 14  4 65 28 75  6 73  5  0 31 50 38 15 44 31 12 17 32 24 22 35 74  1  1 51 89 46  4  1
 54 93 20 58 35  7 88 88  1 13 18 42 42 63 84 35 54 73 23 81 38 40  1  9 50  6  1 99 47 31  0 26  8  4  3 32 68 33 29 34 20 95 59 35 45 52 17 87 65 22
 51 18 62 50 52 93 40 34 88 13 13 48 73 28100 87 81 97 62 38  8 20 83 84 49 61 65 77 45 50 26  0  1 44 49 98 23 54 35 85 46 91 76 53 76 42 48 21 18 82
 88 70 42 66 53 56 35 46 94 23 76 91 96 26 91 72  8 85 66 16 19 17 14  6 77 30 33 18 34 38  8  1  0 33 25 24 94 17 20 48 36 85 81 47 30 48  1  6 37 31
 29 27 82 18 41 69 25 94 54 88 46 73 38100  3 44 82 78 21 18 51 63 71 42 97 93 13 92 35 15  4 44 33  0 22 12  4 95 91 14 94 66 69 70 38 43 37 47  5 64
 66 93 64 19 55 44 50 44 31 85 89 78 49 90 87 55 93 81 47 50 25  4 23 59 12 90 30 51 82 44  3 49 25 22  0 50 57 37 99 80 51 16 39 85 76 92 14  9 21 71
 34 28 27 61 97 96 82 70 56  9 74 14  8 79 38 89 43 14 32 90 39 77 71  8 97 29  3 57 18 31 32 98 24 12 50  0 56 40 44  3 57 23 88 76 98 98 76 18 65 11
 84 88 14 10 15 68 59  5 20  8 68 69 27 23 94 38 16 68 94 21 94 56 24 31 74 50 82 14 28 12 68 23 94  4 57 56  0 80 72 31 56 70 73 82 56 92 20 85  9 96
 21 79 32 20 48 64 51 99 40 36 92 38 58 51  8 45 50 87 71 87 71 33  2 93 52 50 47 39 59 17 33 54 17 95 37 40 80  0 53 11 73 85 99 45 18 54 39  1 23 29
 35 76 57 41 52 53 68  6 75 51 66 89 12 53 82  5 35 51 20 79 54 40 64 54 57 53 59  7 34 32 29 35 20 91 99 44 72 53  0 46 26  9 21 62 40 60 74  4 36 97
 71 84 97 63 71  3 15 46 39 10 49 83  4 45 27 36 32 61 27 80 33  1 18 25 82 38 54 72  4 24 34 85 48 14 80  3 31 11 46  0 69 41 40  9 83 90 36 27 48 42
 18 75 68 45 78 92  4 79 91 65 25 35 21 99 31 17 84 48 94  4 44 50 51 81 47 18 89 88 77 22 20 46 36 94 51 57 56 73 26 69  0 78 20 18 89 42 57 39 75  2
 41 81 81 44 28 57 27 72 15 94 70 96  9 38 68 77 98 96  6 20 52 93 91 37 54 18 80 29 55 35 95 91 85 66 16 23 70 85  9 41 78  0 82 22 49 42 13 68 87 30
 65 52 30  9 42 22 22  6 57 32 92 52 60 12 74 76 57  2 90  6 62 14 30 24  4 70 44 46100 74 59 76 81 69 39 88 73 99 21 40 20 82  0 71 15 29 68  8 20  9
 64 87 60 87 90 74 36 22 45 72 46 51 76  4 86 26 20 60 98 76 43 99 89 45 94 58 82  4 90  1 35 53 47 70 85 76 82 45 62  9 18 22 71  0 40 53 54 36 94 88
 76 82 33 94 21 82  6 46 48 18 77 15 61  6 17 78 50 11 51 67 37 64 44 84  1 98 36 39 51  1 45 76 30 38 76 98 56 18 40 83 89 49 15 40  0 43 21 78 55 46
 61 77 72 32 16 12 41 68 93 41 26 84  5 75 51 33 68 91 14 13 77 74 67 60 78 13 51 78 15 51 52 42 48 43 92 98 92 54 60 90 42 42 29 53 43  0 23 94 35 36
 42 18 24 35 60 28 48 43 25 96 31 60 66 98 31  3 15 21 62 46 85  8 13 63 38 28 90 14 61 89 17 48  1 37 14 76 20 39 74 36 57 13 68 54 21 23  0 80 63 56
 67 59 58 85  1 89 93 84 62  2  4 76 31 29 78 81 81 37 17  9 98 22 55  8 34 32 12 91 43 46 87 21  6 47  9 18 85  1  4 27 39 68  8 36 78 94 80  0 92 64
100 31 44 38 59 83 41 34 46 58 98 91 38 71 90100 98100 52 80  5 91 58 76 58 50 45 12 44  4 65 18 37  5 21 65  9 23 36 48 75 87 20 94 55 35 63 92  0 73
  6 98 66 37 63 64 26 27 48 82 66 17  7 35  1 66 51 27 99 22 51 81 74 94 61 52 92 37  1  1 22 82 31 64 71 11 96 29 97 42  2 30  9 88 46 36 56 64 73  0
55
  0 17 81 93 84 30 24 44 86 13 87100 59 98 24 32 16 88 77 48 73 25 13 43 48 32 94 53 69 56 31 49 72 11 93 55 92 16 51 30 80 89 29 38 38  4 21 53 91 50  1 16 26 65 10
 17  0 79 58 93  6 94  5 83 86 80 49 79 95 43 59 79 59 73 38 37 87 55 87 63 24 91  1 50 76  9 98 29 40 55 73 45 49 78 27 34 57 75 64 51 18 75 81 28 47 70 16 33 24  3
 81 79  0 92 25 45 64 45  8 54 46 37  4 38 21 10 27 83 47 28 21 18 55 17 70 76 30  4 69 34 79 77 64 69 21 40 13 36 36 73 90 33 61 93 70 34 54 49 16  1 28 36 70 34  5
 93 58 92  0 44 28 42 87 73 70 19 22 13 82 43 98 86 79 61 30  1 70 32 63 91 10 53 65 32 85 46 22 20 71 58 64 99 99  2 23 69 72 44 33 54 38 82 91 68 43 20 69 64  4 31
 84 93 25 44  0 78 35 12 76 42 94 61 32 78 68 69 73 25 13 98 29 32  6 81 42 99 40 92 58 89 73 44  4 17 67 37 95  1 49 70 42 94 31 25 71 50 93 96 26 58 93  6 89 50 86
 30  6 45 28 78  0 57 30 48 49 76 91 85 52 73 63 91 21 38 12 76 35 63 57 17 35 70 41 18 37 69 29 59 56 15  4 37 23 33 37 71 60 79 55 63 51 17  6 23  6 17 99 40 31 55
 24 94 64 42 35 57  0 16 48 91 77 94 51 92 24 80 86 10 69 24 28 99 20 61 19 15 86 63 54 78  7  7 65 91 26 58100 53 25 48 96  2 93 46 45 68 77 82 78 46  5 57 44 76 69
 44  5 45 87 12 30 16  0 73 10 54 76 65 65 58 18 26 61 18 75 75  2 33 67 26 52 43 42 58 86 35 16 57 83 27 15 88 85  3 13 95 57 88 11 73 97 29 51 57 98 77 83 99  9  2
 86 83  8 73 76 48 48 73  0 13 21 96 29 94 33 30 57 52 57 18 65 67 73 28 51 90  4 92  8100 93  9 89 56 52 86 81 56 64  4 21 84 51 49 77 83 31 34 86 87  3 50  5 27 30
 13 86 54 70 42 49 91 10 13  0 36  7  6 69  3 58 40  7 68 54  7 87 83 87 52 61 20 83 98  9 98 89 77 27 88 96 14 67 18 35 93  5 41 51 25 96  8 16  2 28 69 60 14  4 47
 87 80 46 19 94 76 77 54 21 36  0 81 74 71  8 94 81 68 52 78 67 84 48 98 98 43 72 63 29 64  3 86 66 68 51 53 29 83 61 30 11 21 62 36 91 69 29 24 88 81  1  6 16  1 55
100 49 37 22 61 91 94 76 96  7 81  0 19 73 37  7 30 70 74 49 69 99 54 15 69 23 73 36 30  3 70 21 67 70 65 33 40 41 70 80 66 54 28 84 78 64 42 59 34 16 59 54 14 12 68
 59 79  4 13 32 85 51 65 29  6 74 19  0  7 59 28 18  9 99 52 42 64 59 95 67 65 76 74 67  6 29 96 31 94 16 74 45 87 70 88 86 22 97 11 28 55 90 98 15 89 49  9  4 59 55
 98 95 38 82 78 52 92 65 94 69 71 73  7  0 31 31 54 84 79 82 53 91 40  2 76 13 44 84 14 49 26 81 42 45 29  9 15 52 96 61 39 49 29 69 17 59 51 23 42 82  4 47 72 95 48
 24 43 21 43 68 73 24 58 33  3  8 37 59 31  0 71 88 92 91 28 83 63 36 29 53 28 42 86  8 41 68 22100 80 72 89 20 31 53 32 81 86 44 22 31 31 44 18 23 34 97  5 96 85 85
 32 59 10 98 69 63 80 18 30 58 94  7 28 31 71  0 83  6 46 97 36 62 94 76 98 47 76 18 91  3  3 77 36 83 49  4 65  7 41 17 14 14 50 50 59 57 32 41 14 29 90 50 90 83 25
 16 79 27 86 73 91 86 26 57 40 81 30 18 54 88 83  0 85 42 26  7 35 45 68 93 15  4 57 20 74 82 73 75 54 61 64 86  4 23 19 43 80  7 27 23 40 21 49 24 15 26 82  1 23  2
 88 59 83 79 25 21 10 61 52  7 68 70  9 84 92  6 85  0 98 36 85 33 60  2 73100 40 39 97 15  8 92 45 41 61 70 88 95 50 59 29 67 71 76 60 17 21100 64 71 88100 55 99 54
 77 73 47 61 13 38 69 18 57 68 52 74 99 79 91 46 42 98  0 72 24 47 71 47 66 41100 87 64 14 72 45 48 17 58 83 90 94 26 24100 67 65 82 39 42 59 63 79 59 86 54 57  9 52
 48 38 28 30 98 12 24 75 18 54 78 49 52 82 28 97 26 36 72  0 39 29 17 19  9 76 60 97 10 75 51 62 40 32 27  7 37  5 24 90 23 34 47 92 96100 23 84 17 59 11 56 87 79 26
 73 37 21  1 29 76 28 75 65  7 67 69 42 53 83 36  7 85 24 39  0 19 52 78 20 35 87 65 70 91 56 69 23 26 75 74 19 59 24 29 51 50 79100 89 34 33 14 37 12 73 21 82 24 51
 25 87 18 70 32 35 99  2 67 87 84 99 64 91 63 62 35 33 47 29 19  0 46 83 79 60 64  2 63 49  1 12 61 21 63 55  5 73 32 81 23 49 90 71 81 68 81 73 71 37 66 68 29 11  2
 13 55 55 32  6 63 20 33 73 83 48 54 59 40 36 94 45 60 71 17 52 46  0 78  1 49 34 80 63 54 63 26 47  3 92 59 44  3 94 51 60 30 40 67 64 18 22  8 55 72 67  6 42 27 36
 43 87 17 63 81 57 61 67 28 87 98 15 95  2 29 76 68  2 47 19 78 83 78  0 39 38 25 13 22 41 92 69 54 79 53 87 85 37 99  5  9  7 43 73 35 93 33 33  7 73 47 52 41 59 81
 48 63 70 91 42 17 19 26 51 52 98 69 67 76 53 98 93 73 66  9 20 79  1 39  0 94 13 12 78 51 56 30 56 39 64 30 65 89 68 66 97 29 55 16 63  5 97 57 89 51 90 18 42 80 93
 32 24 76 10 99 35 15 52 90 61 43 23 65 13 28 47 15100 41 76 35 60 49 38 94  0 58 91 99 26  3 80 69 59 82 64 30 13 64 23 35  5 18  5 20 39 13 38 98 14 46 99 13 76 61
 94 91 30 53 40 70 86 43  4 20 72 73 76 44 42 76  4 40100 60 87 64 34 25 13 58  0 96  9 87 99 74 50  2 79 34 50 45 66 92 85 29 27 13 73 32 20 86 27  7 38 27 14  7 49
 53  1  4 65 92 41 63 42 92 83 63 36 74 84 86 18 57 39 87 97 65  2 80 13 12 91 96  0 50 13 68 94 70 29 80 75 44 91 99 95 92 39 47 44 15 92 93 33 34 38 86 48 12 57 50
 69 50 69 32 58 18 54 58  8 98 29 30 67 14  8 91 20 97 64 10 70 63 63 22 78 99  9 50  0 93 68 59 20 38 94 78 16 83 21 52  6  1  4 67 85 46 10 98 39 47 92 18 92 99 11
 56 76 34 85 89 37 78 86100  9 64  3  6 49 41  3 74 15 14 75 91 49 54 41 51 26 87 13 93  0 20 35 60 14 29 84 62 73 11 62 47 84 72 86 12 85 61 15 63 81 89 76 65 27 71
 31  9 79 46 73 69  7 35 93 98  3 70 29 26 68  3 82  8 72 51 56  1 63 92 56  3 99 68 68 20  0 49 74 16 31 90  6 13  4 63  9 77 68 48 31  1 13 27 89 32 99 64 57 10 56
 49 98 77 22 44 29  7 16  9 89 86 21 96 81 22 77 73 92 45 62 69 12 26 69 30 80 74 94 59 35 49  0 74 25 20 21 70 90 62  5 80  9 53 30  4 26 96  5 48 50 84 72  1 30 22
 72 29 64 20  4 59 65 57 89 77 66 67 31 42100 36 75 45 48 40 23 61 47 54 56 69 50 70 20 60 74 74  0 94 42 28 11 86 71 38 50 87 87 21 25 23  2 53 71 91 46 28 33 89 28
 11 40 69 71 17 56 91 83 56 27 68 70 94 45 80 83 54 41 17 32 26 21  3 79 39 59  2 29 38 14 16 25 94  0 35  4 47 74 69  2 78 78 85 22100  9 94  2 45 71 76 42 69 48 84
 93 55 21 58 67 15 26 27 52 88 51 65 16 29 72 49 61 61 58 27 75 63 92 53 64 82 79 80 94 29 31 20 42 35  0 72 73 45 28 12 68 38 60 12 75 73 22 58 97 59 56 50 97 64 34
 55 73 40 64 37  4 58 15 86 96 53 33 74  9 89  4 64 70 83  7 74 55 59 87 30 64 34 75 78 84 90 21 28  4 72  0  2 33 52 37 72 22 45  2 89 42 12 20 21 93 44 53 82 77  6
 92 45 13 99 95 37100 88 81 14 29 40 45 15 20 65 86 88 90 37 19  5 44 85 65 30 50 44 16 62  6 70 11 47 73  2  0 42 89 46  3 83 14 67 49 89 39 83 54100 49 69 40 65  1
 16 49 36 99  1 23 53 85 56 67 83 41 87 52 31  7  4 95 94  5 59 73  3 37 89 13 45 91 83 73 13 90 86 74 45 33 42  0 75 35 73 36 84 34 16 47 39 21 84 88 79 38 97 15 81
 51 78 36  2 49 33 25  3 64 18 61 70 70 96 53 41 23 50 26 24 24 32 94 99 68 64 66 99 21 11  4 62 71 69 28 52 89 75  0 74 11 74 53 15 95 82 13100 19 82 56 49 93 63 11
 30 27 73 23 70 37 48 13  4 35 30 80 88 61 32 17 19 59 24 90 29 81 51  5 66 23 92 95 52 62 63  5 38  2 12 37 46 35 74  0 58 85  6 18 35 34 50 88 89  7 81 66 99  4 39
 80 34 90 69 42 71 96 95 21 93 11 66 86 39 81 14 43 29100 23 51 23 60  9 97 35 85 92  6 47  9 80 50 78 68 72  3 73 11 58  0 93  4 47 67 97 21 20 60 84 25 83 92 20 10
 89 57 33 72 94 60  2 57 84  5 21 54 22 49 86 14 80 67 67 34 50 49 30  7 29  5 29 39  1 84 77  9 87 78 38 22 83 36 74 85 93  0 28 85 98100 99 76 69 34 47 92 77 66 83
 29 75 61 44 31 79 93 88 51 41 62 28 97 29 44 50  7 71 65 47 79 90 40 43 55 18 27 47  4 72 68 53 87 85 60 45 14 84 53  6  4 28  0 89 68 80 76 62 75 43 81 51 16 94 42
 38 64 93 33 25 55 46 11 49 51 36 84 11 69 22 50 27 76 82 92100 71 67 73 16  5 13 44 67 86 48 30 21 22 12  2 67 34 15 18 47 85 89  0 68 10 90 51 52 37 16 45 47 86 64
 38 51 70 54 71 63 45 73 77 25 91 78 28 17 31 59 23 60 39 96 89 81 64 35 63 20 73 15 85 12 31  4 25100 75 89 49 16 95 35 67 98 68 68  0 90 15 67 64 51  4 78 44 40 20
  4 18 34 38 50 51 68 97 83 96 69 64 55 59 31 57 40 17 42100 34 68 18 93  5 39 32 92 46 85  1 26 23  9 73 42 89 47 82 34 97100 80 10 90  0 67  3  5  3 87 46 77 23 31
 21 75 54 82 93 17 77 29 31  8 29 42 90 51 44 32 21 21 59 23 33 81 22 33 97 13 20 93 10 61 13 96  2 94 22 12 39 39 13 50 21 99 76 90 15 67  0 69 42 96 68 28 60 23 24
 53 81 49 91 96  6 82 51 34 16 24 59 98 23 18 41 49100 63 84 14 73  8 33 57 38 86 33 98 15 27  5 53  2 58 20 83 21100 88 20 76 62 51 67  3 69  0  4 21 27 77 24 94 52
 91 28 16 68 26 23 78 57 86  2 88 34 15 42 23 14 24 64 79 17 37 71 55  7 89 98 27 34 39 63 89 48 71 45 97 21 54 84 19 89 60 69 75 52 64  5 42  4  0 78 63 75 24 15  9
 50 47  1 43 58  6 46 98 87 28 81 16 89 82 34 29 15 71 59 59 12 37 72 73 51 14  7 38 47 81 32 50 91 71 59 93100 88 82  7 84 34 43 37 51  3 96 21 78  0 25 39  1 53 14
  1 70 28 20 93 17  5 77  3 69  1 59 49  4 97 90 26 88 86 11 73 66 67 47 90 46 38 86 92 89 99 84 46 76 56 44 49 79 56 81 25 47 81 16  4 87 68 27 63 25  0 29  6 29 67
 16 16 36 69  6 99 57 83 50 60  6 54  9 47  5 50 82100 54 56 21 68  6 52 18 99 27 48 18 76 64 72 28 42 50 53 69 38 49 66 83 92 51 45 78 46 28 77 75 39 29  0 87 87 68
 26 33 70 64 89 40 44 99  5 14 16 14  4 72 96 90  1 55 57 87 82 29 42 41 42 13 14 12 92 65 57  1 33 69 97 82 40 97 93 99 92 77 16 47 44 77 60 24 24  1  6 87  0 59 98
 65 24 34  4 50 31 76  9 27  4  1 12 59 95 85 83 23 99  9 79 24 11 27 59 80 76  7 57 99 27 10 30 89 48 64 77 65 15 63  4 20 66 94 86 40 23 23 94 15 53 29 87 59  0 57
 10  3  5 31 86 55 69  2 30 47 55 68 55 48 85 25  2 54 52 26 51  2 36 81 93 61 49 50 11 71 56 22 28 84 34  6  1 81 11 39 10 83 42 64 20 31 24 52  9 14 67 68 98 57  0
60
  0 68 47 52 79 44 25 36 34 76 72 12 22 12 27 94 88 60  2 95 82 44 81 28 56 69 94 11 85 99100 33 67 46 84 97 89  8 84 74 36  8 85 57 19 63  3  7 75  4 53 56100 33 35 55  1 28 17 37
 68  0 22 12 12 49 68 41 40 87 35 58 95 43 47 52 44 36 68 15  7 23 35 66  2 53 30 39 78 10 63 90 53 36 54 17 37 21 57 76 59 43 85 54 38 31  5 81 19 24 95 77 47 82 42 48 34 71 87 63
 47 22  0 95 37 15  6 32  7 75 21 17 75 79 25 47 30 63 43 56 15 56 86 30 69 68 44 78 12 22 76 37 54 70 31 90 85 36 73 91 10 93 60 36 23 36 82 52 51 77  7 65 32 44 47 53 11 90 30 74
 52 12 95  0 76 45 26 47 17  6 82 98 17 66 48 57 88 16 57 95 63 96 21 72 41 80 20 73 96 81 80 31 82 31 28  9 75  6 55 43 11 36 41 27 53 40 35 40  8 91 87 70 39 59 41 79 39 12 51 34
 79 12 37 76  0 91 90 22  5100 99 40  2 58 38 39 56 95 39 95 87  1 84 63 11 91 73 21 87 54 48 19 74 38 86 96 28 75 17 84 27 68 75 28 25 65 19 80 59 57 26 97 10  9 59 20 51 31 92 89
 44 49 15 45 91  0 28 76 74 35 48 69 55 79 50 14 35 20 65  4  8 33 42 75 72 99  6 16 73 86 10 61 95 97 20 29 90 47  4 15 34 51 83 40 81 33 53 15  4 18 70 12  2 64 86 73 62 91 89 86
 25 68  6 26 90 28  0 92 20  8 24 10  8  5 50 14 77 97 32 42 25 57100 38 73 60 60 64  5 17 40 39 50 20 54 40 32 17 31 51 24 54 12 31 59 14 96 35 10 79 29 86 36 80 76 60 39 35 75 95
 36 41 32 47 22 76 92  0 40 95 15 52  3 81 52 91 31 26 38 27 60 32  1 46 91 30 30 82 80  8  9 12  3 10  5 38 10 73 25  1 68 91 52 22 23  3 13  5 28 50 32 40 33 32 37 23 62 66 56 93
 34 40  7 17  5 74 20 40  0 10 33  2 29 81 47 35 49 20 55  8 97 83 78 81 98 53 71 96 70 10 53 94 84 72 10 16 98 54 50100 64 35  1 44 15 99 79 16 70 85 23 66 19100 98 17  4 68 12 26
