5
 10000    67    51    36    64
    67 10000    13     3    52
    51    13 10000    96    39
    36     3    96 10000    63
    64    52    39    63 10000
10
 10000    16    85    35    69    57    44    84     6    52
    16 10000    40     4    25    77    57    31    94    11
    85    40 10000    23    53    18    77   100    66    27
    35     4    23 10000    12     2    12    87     7    84
    69    25    53    12 10000    47    71    48    43    84
    57    77    18     2    47 10000    88    32    11    44
    44    57    77    12    71    88 10000    99     3    25
    84    31   100    87    48    32    99 10000    94    52
     6    94    66     7    43    11     3    94 10000     9
    52    11    27    84    84    44    25    52     9 10000
15
 10000    60    62    33    61     3    38   100    66    71    43    77    71    19    29
    60 10000    77     8    10    73    78    68     8    79    89    77    36    86    57
    62    77 10000     5     4    63    89    75    29    38    92    25    82    14    89
    33     8     5 10000    64    82    46     7    85    66    35    51    83    75    35
    61    10     4    64 10000    96    84    38    63    84    83    17    86    55    98
     3    73    63    82    96 10000    30    66    46    40    27    69    26    92    76
    38    78    89    46    84    30 10000    29    54    61    85     6    18    43    25
   100    68    75     7    38    66    29 10000    75    43    79    86    10    35    45
    66     8    29    85    63    46    54    75 10000    74    83    93    54    99     2
    71    79    38    66    84    40    61    43    74 10000    44    69    87    29    84
    43    89    92    35    83    27    85    79    83    44 10000    76    68    11    27
    77    77    25    51    17    69     6    86    93    69    76 10000    80    97    76
    71    36    82    83    86    26    18    10    54    87    68    80 10000    82    83
    19    86    14    75    55    92    43    35    99    29    11    97    82 10000    93
    29    57    89    35    98    76    25    45     2    84    27    76    83    93 10000
20
 10000    97    62    26    55    54    64    68    37    88    58    26     4     2    85    72     7    27    84    31
    97 10000    39    33    98    67     3    22    47    49     7    73    37    26    43    76     5    90    17    19
    62    39 10000    26    98    85    86     5    80    93    73     5    39    99    65    21    32    26    61    16
    26    33    26 10000    58    84    52    18    80    69    42    94    35    29    96    81    88    72    49     8
    55    98    98    58 10000    75    39    93    50    70   100    93    90    87    26    34    15    35     2    59
    54    67    85    84    75 10000    83    71    63    57    45    81    55    68    76    31    33    53     4    41
    64     3    86    52    39    83 10000    24    50    67     6    75    10    59    19    73    61    33    79     7
    68    22     5    18    93    71    24 10000    59    72    22    52    27    77    11     8     8    79    25    16
    37    47    80    80    50    63    50    59 10000    80    25    41    94    57    41    15    45    44    57    53
    88    49    93    69    70    57    67    72    80 10000    60    42    18    27    50    43    30    67    82    10
    58     7    73    42   100    45     6    22    25    60 10000    67    61    43    50    88     6    88    17    27
    26    73     5    94    93    81    75    52    41    42    67 10000    97    98    51    82    94    90    34    30
     4    37    39    35    90    55    10    27    94    18    61    97 10000    70    26    24     8     2    11    95
     2    26    99    29    87    68    59    77    57    27    43    98    70 10000    60    98    37    61    60    35
    85    43    65    96    26    76    19    11    41    50    50    51    26    60 10000    69    61     8     5    52
    72    76    21    81    34    31    73     8    15    43    88    82    24    98    69 10000    56    16    78    21
     7     5    32    88    15    33    61     8    45    30     6    94     8    37    61    56 10000    99    84    97
    27    90    26    72    35    53    33    79    44    67    88    90     2    61     8    16    99 10000    81    84
    84    17    61    49     2     4    79    25    57    82    17    34    11    60     5    78    84    81 10000    89
    31    19    16     8    59    41     7    16    53    10    27    30    95    35    52    21    97    84    89 10000
25
 10000    82    75    58    25    71     7    85    24     8    69    87    59    43    22    48    24    97    35    54    43     3    40    61     3
    82 10000    33    67    25     6    42    20    86    71     7    49    26    64    23    36    57    65    67     4     3    77    38    74     3
    75    33 10000    40     3    96    17    77    88    26    19    51    22    92    29    83    71    73    71    28    51    40    13    58    12
    58    67    40 10000     5    17    32    87    56    68     2    63    97    13    59     8    79    80     5    58    41    61    11    15    61
    25    25     3     5 10000   100    55    11    81    93    70    23    51    68    25    23    98    74    37    27    39    36    76    11    12
    71     6    96    17   100 10000    51    93    51    65    90    41    28    93    33    77    62    45    56    41    35    27    67    22    36
     7    42    17    32    55    51 10000    92    64    38    95    49    95    61    36    25    94    20    47   100    65    96    94    23    58
    85    20    77    87    11    93    92 10000    89    53    24    59     2    30    85    98    72    56     6    86    32    27    72    87    83
    24    86    88    56    81    51    64    89 10000    75    99    33    90    12    22    22    85    67    95    16     4    38    85    97    89
     8    71    26    68    93    65    38    53    75 10000    43    20    60    90    38    65     4    14    20    59    64    98    89    23   100
    69     7    19     2    70    90    95    24    99    43 10000    66     8    58    94    68    74    98    77    69     8    83    38    49    14
    87    49    51    63    23    41    49    59    33    20    66 10000    30    93    52    50    30    39   100    45    32    54    90     9    21
    59    26    22    97    51    28    95     2    90    60     8    30 10000    62    53    18    34    93    68    92    26    86    89    94    60
    43    64    92    13    68    93    61    30    12    90    58    93    62 10000    75    38    70    98     7    80    76    23    85    91    29
    22    23    29    59    25    33    36    85    22    38    94    52    53    75 10000    37    40    60    70    18    73    17    15    57    74
    48    36    83     8    23    77    25    98    22    65    68    50    18    38    37 10000    39     8    25    36    27    25    20    98    50
    24    57    71    79    98    62    94    72    85     4    74    30    34    70    40    39 10000    12    22   100    22    60    27    73    34
    97    65    73    80    74    45    20    56    67    14    98    39    93    98    60     8    12 10000    95    82    94    39    59    88    34
    35    67    71     5    37    56    47     6    95    20    77   100    68     7    70    25    22    95 10000    21    25    72    28    38    33
    54     4    28    58    27    41   100    86    16    59    69    45    92    80    18    36   100    82    21 10000    33   100    58    95    59
    43     3    51    41    39    35    65    32     4    64     8    32    26    76    73    27    22    94    25    33 10000    16    15    32    25
     3    77    40    61    36    27    96    27    38    98    83    54    86    23    17    25    60    39    72   100    16 10000     4    27    85
    40    38    13    11    76    67    94    72    85    89    38    90    89    85    15    20    27    59    28    58    15     4 10000    39    10
    61    74    58    15    11    22    23    87    97    23    49     9    94    91    57    98    73    88    38    95    32    27    39 10000    21
     3     3    12    61    12    36    58    83    89   100    14    21    60    29    74    50    34    34    33    59    25    85    10    21 10000
30
 10000    40    97    72    54    58    39    43    27    71    94    29    12    24    35    21    13    95    27    65    90    55    62    96    88    57    14     7    67    77
    40 10000    35    23    17    12     2    74    97    59    13    74    18    71     1    38    31    28     4    45    14     9    68    31    83    80    21    24    56    14
    97    35 10000    60    54    78    32    52    18    69    64    67    28    98    75    89    50    74    33    71    94    84    89    97    25    67     1    73    97    55
    72    23    60 10000    19    49    34    35    94    82     1    59    13    87    92    77    64    40    14    77    97    29    45    57     6    41    71    22     6    94
    54    17    54    19 10000    56    93    41    25    86    90    47    35    98    81    42    52    43    19    95    61     3    36    81    73    24    76    40    48   100
    58    12    78    49    56 10000    95    41    32    21    62    25    34    84    98    41    91     5    94     6    21     8    65    21    45    11    84    92     3    74
    39     2    32    34    93    95 10000    89    53    26    40    27    30    42    69     2    73    59    92    27    57     1    33    83    65    13    52    41    70    70
    43    74    52    35    41    41    89 10000    20    91    39    80    58     4    77    94    35     7     7     2    16    94    66    80    31    24    66     4    30    67
    27    97    18    94    25    32    53    20 10000    42    97    97    82    44    80     8    78    72    84    30    33    95    99    63     5    55    55    22    74    50
    71    59    69    82    86    21    26    91    42 10000    42    40    83    20    56    42    79    54    76    22    84    84    73     3    87    36    79    70    47     2
    94    13    64     1    90    62    40    39    97    42 10000    79    51    81    12    63     6    10    28     7    19    93     2    50     1    54    43    14    95    69
    29    74    67    59    47    25    27    80    97    40    79 10000    85    56    58    27    57    11    72    87    83     8    65     9    75    56    83    70    32    31
    12    18    28    13    35    34    30    58    82    83    51    85 10000     5     2    74    29     8    72    90     7    33    79     6    19    14    81    30    76    55
    24    71    98    87    98    84    42     4    44    20    81    56     5 10000    96    95    58    59    84    76    43    30   100    14    68    28    65    87    87    95
    35     1    75    92    81    98    69    77    80    56    12    58     2    96 10000    81    22    52     8    44    87    22    95    34    21    80    76    42     2    38
    21    38    89    77    42    41     2    94     8    42    63    27    74    95    81 10000    46     5    36    71    76    55    55    11    79    29    16    37    39    90
    13    31    50    64    52    91    73    35    78    79     6    57    29    58    22    46 10000    61    85    72    76    39    81    33    43    54    26    70    20    55
    95    28    74    40    43     5    59     7    72    54    10    11     8    59    52     5    61 10000    40    18    55    50    78    92    32    22    90    64    33    68
    27     4    33    14    19    94    92     7    84    76    28    72    72    84     8    36    85    40 10000    49    86    44    97    89    79    25    25    97    59    42
    65    45    71    77    95     6    27     2    30    22     7    87    90    76    44    71    72    18    49 10000    73    17    40    91    89     8     4    62     3     2
    90    14    94    97    61    21    57    16    33    84    19    83     7    43    87    76    76    55    86    73 10000    43    80    95    11    25    11    98    87    21
    55     9    84    29     3     8     1    94    95    84    93     8    33    30    22    55    39    50    44    17    43 10000    25    36     5    69    40    86    76    79
    62    68    89    45    36    65    33    66    99    73     2    65    79   100    95    55    81    78    97    40    80    25 10000     6    95    35    35    80    45    50
    96    31    97    57    81    21    83    80    63     3    50     9     6    14    34    11    33    92    89    91    95    36     6 10000    18     5    73    62    48    19
    88    83    25     6    73    45    65    31     5    87     1    75    19    68    21    79    43    32    79    89    11     5    95    18 10000    15     6    37    98    30
    57    80    67    41    24    11    13    24    55    36    54    56    14    28    80    29    54    22    25     8    25    69    35     5    15 10000    71    29     7    27
    14    21     1    71    76    84    52    66    55    79    43    83    81    65    76    16    26    90    25     4    11    40    35    73     6    71 10000    97    87    77
     7    24    73    22    40    92    41     4    22    70    14    70    30    87    42    37    70    64    97    62    98    86    80    62    37    29    97 10000     9    96
    67    56    97     6    48     3    70    30    74    47    95    32    76    87     2    39    20    33    59     3    87    76    45    48    98     7    87     9 10000    92
    77    14    55    94   100    74    70    67    50     2    69    31    55    95    38    90    55    68    42     2    21    79    50    19    30    27    77    96    92 10000
35
 10000    47    39    58    61    67    29    97    41     9    88    99    99    22     9    70    54    80    94     2    83    99    53    58    54    29   100    20    32   100     8    96    46    46    53
    47 10000    88    83    52    52    69    70    89    18     1    95     7    11    90    11    29    10     2    97    40    74     2    97    50    94    32    37    96    17    37    51    89    76    33
    39    88 10000    72    75     4    24    89    65     2    49    72    17    62    61    90    16     2    94    75    98    63    97    13     8    19    54    67    92    79    72    88    65    23    59
    58    83    72 10000    98    88    91    90    86    37    78    46    50    22    60    12    75    10    98    23    24    69    13    94    91    53    33    80     9    19    97    17    16    73     6
    61    52    75    98 10000     1    24    97    49    34    43    77    87    11    18     3    35    21    30    89    94    19    31    93     3     9    46    43    44    25    15    66    89     9    38
    67    52     4    88     1 10000    75    53    25    61    75    98    99    19    47    13    83    49    87    53    75    83    61    13    37    97    31    16    24    55    90    15    98    45    21
    29    69    24    91    24    75 10000    46     7    71    70    95    37    12    38    33    74    54    57    85    83    52    73    25     7    99    73    33    41    12    55    14    51    59    61
    97    70    89    90    97    53    46 10000    41    85    41    54    55    43     4    75   100    18    88    72    54    66    35    86    74    36    46    15     3    41    47    36    28    67    85
    41    89    65    86    49    25     7    41 10000     3    48    28    91    85    64    15    53    85    11    26    71     4    55    37     6    41    37     3    42    50    39    61    92    98    59
     9    18     2    37    34    61    71    85     3 10000    32    13     3    87    36    97    38    42    90    31    69    54    96    26    63    31    58    14    74    71    49    19    40    94    48
    88     1    49    78    43    75    70    41    48    32 10000    60    39    76   100    99    58     6    15     9    62    55    99    60    31    84    62    98    57    63    44    70    50    23    86
    99    95    72    46    77    98    95    54    28    13    60 10000    86    60    42    28    78    44    13    55    65    81    89    16    66    80    65    81    24    95    16    96    88    35    32
    99     7    17    50    87    99    37    55    91     3    39    86 10000    97    60    48    82    68    41    57    34    15     1    21    29    81    23    76    50    95    33    13    16    58    38
    22    11    62    22    11    19    12    43    85    87    76    60    97 10000    65    84    22    34    58    20    29    25    58    30    10    48    86    84    90    54    13    33    89    76    39
     9    90    61    60    18    47    38     4    64    36   100    42    60    65 10000    29    60    50    14     1     5    19    43    57    54    69     2    77    74    59    81    32    90    77    17
    70    11    90    12     3    13    33    75    15    97    99    28    48    84    29 10000    52    99    51    43    47    70    84    68    42    72    10    96    30    69    19    66    77    39    79
    54    29    16    75    35    83    74   100    53    38    58    78    82    22    60    52 10000    31    30    55    43    43    24    55    17    73    41    48    13    14    77    59    68     4    92
    80    10     2    10    21    49    54    18    85    42     6    44    68    34    50    99    31 10000    66    27    66     6    55    90    73    61    44     6    11    40    67    86    26    28    23
    94     2    94    98    30    87    57    88    11    90    15    13    41    58    14    51    30    66 10000    41    47    44    92    67    82    38    99    46    17    28    97    65    98    69    31
     2    97    75    23    89    53    85    72    26    31     9    55    57    20     1    43    55    27    41 10000    61    71    14    84     3    62    15    71    57    40     2    66    32    20    41
    83    40    98    24    94    75    83    54    71    69    62    65    34    29     5    47    43    66    47    61 10000    92    70   100    95    94    33    59    56    29    24    47    37    22    81
    99    74    63    69    19    83    52    66     4    54    55    81    15    25    19    70    43     6    44    71    92 10000    12    23    94    10    62    31    16    55    72    87    41    38    24
    53     2    97    13    31    61    73    35    55    96    99    89     1    58    43    84    24    55    92    14    70    12 10000    34    53    49    67    37    26    98    46    78    84    53    70
    58    97    13    94    93    13    25    86    37    26    60    16    21    30    57    68    55    90    67    84   100    23    34 10000    32    59    39    79    18    21    13    83    82    56    35
    54    50     8    91     3    37     7    74     6    63    31    66    29    10    54    42    17    73    82     3    95    94    53    32 10000    35     8     6    58    20    30    41    24    68    89
    29    94    19    53     9    97    99    36    41    31    84    80    81    48    69    72    73    61    38    62    94    10    49    59    35 10000    91    54    19     9    28    97    21   100    31
   100    32    54    33    46    31    73    46    37    58    62    65    23    86     2    10    41    44    99    15    33    62    67    39     8    91 10000    36    70    89    76     6    75    16   100
    20    37    67    80    43    16    33    15     3    14    98    81    76    84    77    96    48     6    46    71    59    31    37    79     6    54    36 10000    62    71    94    18     4    50    77
    32    96    92     9    44    24    41     3    42    74    57    24    50    90    74    30    13    11    17    57    56    16    26    18    58    19    70    62 10000     7    72     7    66    75    47
   100    17    79    19    25    55    12    41    50    71    63    95    95    54    59    69    14    40    28    40    29    55    98    21    20     9    89    71     7 10000    18    39    60    18    74
     8    37    72    97    15    90    55    47    39    49    44    16    33    13    81    19    77    67    97     2    24    72    46    13    30    28    76    94    72    18 10000    52    22     6     8
    96    51    88    17    66    15    14    36    61    19    70    96    13    33    32    66    59    86    65    66    47    87    78    83    41    97     6    18     7    39    52 10000    19    29    33
    46    89    65    16    89    98    51    28    92    40    50    88    16    89    90    77    68    26    98    32    37    41    84    82    24    21    75     4    66    60    22    19 10000     1    70
    46    76    23    73     9    45    59    67    98    94    23    35    58    76    77    39     4    28    69    20    22    38    53    56    68   100    16    50    75    18     6    29     1 10000    58
    53    33    59     6    38    21    61    85    59    48    86    32    38    39    17    79    92    23    31    41    81    24    70    35    89    31   100    77    47    74     8    33    70    58 10000
40
 10000     1    30    53   100    26    47    26     2    72    29    38    86    76    50    91    53    89    40    78    65    34    44    10    71    30    50    66     7    27    77    48    79    58   100    30    83    98    55    37
     1 10000    41    71    33    81    10    99    25    99    91    80     3     7    39    57    47    49    60    83    56    68    78    22    39    49    12    38    20    59    87     7    24    80    29     8    60    38    58    36
    30    41 10000    80    53    83    69    85     2    35    22    35    45     4    75    50    22    81    96    55    62    49    43    14    83    20    70    77    32     6    64    18    35    28    97    40    10    18    24    63
    53    71    80 10000    42    24    38     1    65     3    40    17    50    10    32    68    17    81    87     1    20    45    10    87    10     6    12    48    39    73    44    41    68     9    90    10    33    27    62    97
   100    33    53    42 10000    40    27     4    18    24    28    39    54    39    61    59    64    51    38    32    16    67    63    37    59    10    27    24    72    94     5     8    53     6    43    60    45    69    63    14
    26    81    83    24    40 10000    12    69    98    69    30    22    35    92    21    11    68    83    87    42    23     1     8    72    16    40     8    41    88    42    86    45    64    79    23    78    54    86    98     3
    47    10    69    38    27    12 10000    54    42     4    59    41    92    50    69    60    81    12    48    98    21    18    65    88    30    54    17    65    64    37    60    43    77    76    71    64    67    86    70    60
    26    99    85     1     4    69    54 10000    27    56    29    42    30     9    63     6    47    27    58   100    98    68    99    11    85    95    44    75   100    57    68    45    96    95    52    28    44    56    68    70
     2    25     2    65    18    98    42    27 10000    52    50    26    51    96    16    53    73    93     7    30    86    76     1    86    16    22    47    29    13    18    56    37    48    34    49    10    52    30    51    10
    72    99    35     3    24    69     4    56    52 10000    81    75    88    46    71    45    84    69    80    61     4    22    73    45    27    84    62    59    10    34     5    54    65    37    25     1    40    57    34    42
    29    91    22    40    28    30    59    29    50    81 10000    52    56    44    45    87    75    38    25    98    94    16    80    66    92    86    84    84    13    79    13    71    56    87    13    91    29    13    10    31
    38    80    35    17    39    22    41    42    26    75    52 10000    63     4    16    32    67    24    40    20    69    16    37    26    13    10     8    49    72    52     8    17    11    26    91    60    86    81    40    35
    86     3    45    50    54    35    92    30    51    88    56    63 10000    31    21    50    48    79    84    93    94    12    70    85    43    89    61    96    92    86     2    26    75    21    88    37    15    90    94     2
    76     7     4    10    39    92    50     9    96    46    44     4    31 10000    40    66    99    34    94    53    36    60    97    48    55    12    38    33    58    44    55    66    24    22    69    71    56    62    96    54
    50    39    75    32    61    21    69    63    16    71    45    16    21    40 10000    61    53    55    54    37    40    13    26    14    86    49    21    66     5    95     4    88     1     7    77    94    59    97    95    32
    91    57    50    68    59    11    60     6    53    45    87    32    50    66    61 10000    67    79    91    86    98    16    15    84    23    52    52    78     8    16    96     8    27    75    26    34    37    76    36    78
    53    47    22    17    64    68    81    47    73    84    75    67    48    99    53    67 10000    82    16    73    12    23     8    64    61    45    54    36    14    84    40     9     4    71    86    20    68    88    73    45
    89    49    81    81    51    83    12    27    93    69    38    24    79    34    55    79    82 10000    87    33    92   100     9    23    10    45    93    71    76    92    92    95     3    93    64    74    19    69    79    22
    40    60    96    87    38    87    48    58     7    80    25    40    84    94    54    91    16    87 10000    62     5    25    19    91    22    38    55    10    27    59    22    73    25    85    19    94    38    47    94     1
    78    83    55     1    32    42    98   100    30    61    98    20    93    53    37    86    73    33    62 10000    69    86    10    20    20     6    31    67    67    32    74    16    42     9    96    57    18    41    48    96
    65    56    62    20    16    23    21    98    86     4    94    69    94    36    40    98    12    92     5    69 10000    12    28    51     1    28    19    32    61    44    63    50    76    23    77    67    77    41    27    76
    34    68    49    45    67     1    18    68    76    22    16    16    12    60    13    16    23   100    25    86    12 10000     8     2    72    88   100    59    78    20    10    51    84    24    24    47     3    72    26    72
    44    78    43    10    63     8    65    99     1    73    80    37    70    97    26    15     8     9    19    10    28     8 10000    44    79    33    48    14    98    28    60    66    50    29    66    10    14    99    28    81
    10    22    14    87    37    72    88    11    86    45    66    26    85    48    14    84    64    23    91    20    51     2    44 10000    81    81    81    26    65    39    49     2    38    21    88    61    22    82    22    52
    71    39    83    10    59    16    30    85    16    27    92    13    43    55    86    23    61    10    22    20     1    72    79    81 10000     2    83    50    57    27    99    82    65    48    67    50    35    55    65    57
    30    49    20     6    10    40    54    95    22    84    86    10    89    12    49    52    45    45    38     6    28    88    33    81     2 10000    51     6     9     2    15    31    42    71    16    25    16    75    31    75
    50    12    70    12    27     8    17    44    47    62    84     8    61    38    21    52    54    93    55    31    19   100    48    81    83    51 10000    95    68    13    17    42    18    89    37    83     2    47    67    91
    66    38    77    48    24    41    65    75    29    59    84    49    96    33    66    78    36    71    10    67    32    59    14    26    50     6    95 10000    93    35    12    71    74    14     1    22    67    72    50    30
     7    20    32    39    72    88    64   100    13    10    13    72    92    58     5     8    14    76    27    67    61    78    98    65    57     9    68    93 10000    83    97    95    94    26    91    99    84    25    90    40
    27    59     6    73    94    42    37    57    18    34    79    52    86    44    95    16    84    92    59    32    44    20    28    39    27     2    13    35    83 10000    10     2    76    27    90    41    61    84     8    16
    77    87    64    44     5    86    60    68    56     5    13     8     2    55     4    96    40    92    22    74    63    10    60    49    99    15    17    12    97    10 10000     6    90    38    75    36    37    21    98   100
    48     7    18    41     8    45    43    45    37    54    71    17    26    66    88     8     9    95    73    16    50    51    66     2    82    31    42    71    95     2     6 10000    80    14    66     7    50    25    27     5
    79    24    35    68    53    64    77    96    48    65    56    11    75    24     1    27     4     3    25    42    76    84    50    38    65    42    18    74    94    76    90    80 10000     6    80    75    67    94    97    31
    58    80    28     9     6    79    76    95    34    37    87    26    21    22     7    75    71    93    85     9    23    24    29    21    48    71    89    14    26    27    38    14     6 10000    38    29    53    38    82    99
   100    29    97    90    43    23    71    52    49    25    13    91    88    69    77    26    86    64    19    96    77    24    66    88    67    16    37     1    91    90    75    66    80    38 10000    62    46    70    98     5
    30     8    40    10    60    78    64    28    10     1    91    60    37    71    94    34    20    74    94    57    67    47    10    61    50    25    83    22    99    41    36     7    75    29    62 10000    25    10    45    86
    83    60    10    33    45    54    67    44    52    40    29    86    15    56    59    37    68    19    38    18    77     3    14    22    35    16     2    67    84    61    37    50    67    53    46    25 10000    16    30    41
    98    38    18    27    69    86    86    56    30    57    13    81    90    62    97    76    88    69    47    41    41    72    99    82    55    75    47    72    25    84    21    25    94    38    70    10    16 10000    27    80
    55    58    24    62    63    98    70    68    51    34    10    40    94    96    95    36    73    79    94    48    27    26    28    22    65    31    67    50    90     8    98    27    97    82    98    45    30    27 10000    62
    37    36    63    97    14     3    60    70    10    42    31    35     2    54    32    78    45    22     1    96    76    72    81    52    57    75    91    30    40    16   100     5    31    99     5    86    41    80    62 10000
45
 10000    81    48    91    68    88     3    36    64    58     9    25    22    17    73    80    33    20    71    26    20    60    54    39    63    78    44     4    89    55    57    45    36    56    87    55    43    89    42    58    99    50    34    72    66
    81 10000    76    39     9    53    62    48    69    55    29    57     8    42    69    63    84    99    78    98    74     2     8    20    78    86    46    66    78    53    93    38    78    68    29    38    72    90    86    40    96    14    48     3    55
    48    76 10000    68    14    56   100    88    43    86    96    85    94    60     7    41    45    21    17     8    85    18    98    30    20    25    71    51    32    81    59    12    48   100    31    61     8    30    48     2    68    43    39    61     2
    91    39    68 10000    77    74    84     7    73    57     7    49    35    29    94    72    95    86    50    24    18    80    71    15    78    15    70    19    51    62    89    74    37    36    21    13     9     5    71    81    13    78    82    99    58
    68     9    14    77 10000    96    71    38    94     2     3     5    81    32    75    41    43    21    21    53    68    49    62    56    68    78    70    77    17    39    33    98    68     7    65    71     2    87     8    47    89    63     3    69    94
    88    53    56    74    96 10000   100    79    37    35    82    88    74    76    60    54    37    20    32     8    24    29   100    79    22    16    46    77    66    86    24    87    62    50    63    78    98    14    56    86    48    90    73    73    17
     3    62   100    84    71   100 10000    91    44    74    47    96    11    96    23    36    77    84    55    27    41    33    87    90    19    52    55    98    52    16    98    47    49    55    50    98    96    27    40    91     1    86    86    11    33
    36    48    88     7    38    79    91 10000    39    88    18    45    92    75     5    11    28    27    11    38    53    65    39     6     8    73    39    50    13    72    78    52    95    99    65    29    25    65    40    15     4    58    11    95    32
    64    69    43    73    94    37    44    39 10000    14    99    81     8    34     6    32    79    77    23    32    29    82    46    54    44    90    26    37    21    65    20    36    69    10    18    54    70    69    41    30    34    92    62    41    25
    58    55    86    57     2    35    74    88    14 10000    87    38    52    54    41    96    89    47    67    15    90    57    37    73     8    16    65    33    96    94    81    64    50    41    29    35    99    54    67    33    52    53    22    55    59
     9    29    96     7     3    82    47    18    99    87 10000    60     6    95    49    71    84    12    11    21    24    69    80    44    47    69    91    71    83    28    73    80    33    38    66    19    81    17    25    94    45    15     5     2    61
    25    57    85    49     5    88    96    45    81    38    60 10000    17     6    13     4    63    32    88     8    46    59    47    53    42    80    81   100    61    80    28    19     6    52    88    90    57    62    49    91    17    58    70    33    64
    22     8    94    35    81    74    11    92     8    52     6    17 10000    30    95    36    26     4    25    27    32    76    52    56    52    20     4    99    70    47    97    48    78    84    30    99    12    48   100   100    13    65    94    17    46
    17    42    60    29    32    76    96    75    34    54    95     6    30 10000    12    74    97    79    17    56    61    70    67    19    42    14    76     3    39    58    48    78    56    28    90    28     2    65    69    93    56    32    85    91     6
    73    69     7    94    75    60    23     5     6    41    49    13    95    12 10000    30    60    30    31    32    38    87    33    54    40    13    23    91    32    75    29    94    72    35    78     7     4    20    10    30    27    69    92    35    86
    80    63    41    72    41    54    36    11    32    96    71     4    36    74    30 10000    51    83    23    19    18    94    48     8    55    33    15    72    70    95    71    53    40    84    39    69    22    33    91    34    66    39    70    65    60
    33    84    45    95    43    37    77    28    79    89    84    63    26    97    60    51 10000    75    74    10    24   100    20    20    13     3    23    77    39    76    79    97    35    88    66    72    38    29    54    93    79    72    26    93    43
    20    99    21    86    21    20    84    27    77    47    12    32     4    79    30    83    75 10000    51    12     7     9    51    64     3    32    91    44    31    62    21    88    20    19    13    88    95    52    39    91    20    98    40    32    26
    71    78    17    50    21    32    55    11    23    67    11    88    25    17    31    23    74    51 10000    72    60    80    69    10    39    62    22    32     3    41    86    78    26    98    70    37    13    50    36    82    12    37    92    41    35
    26    98     8    24    53     8    27    38    32    15    21     8    27    56    32    19    10    12    72 10000    39    29    89    57    80     8    43    67    39    47    20     7    22     4    29    23    68    48    69   100     3    14    47    48    69
    20    74    85    18    68    24    41    53    29    90    24    46    32    61    38    18    24     7    60    39 10000    63    22    15    32    65    54    71    28    49    71    99    16     7    57    43    96    26    73    58    63    49    19    15    61
    60     2    18    80    49    29    33    65    82    57    69    59    76    70    87    94   100     9    80    29    63 10000    90    22    97    12    78    79    75    69    65     8    73    68     1    31     9    74    40    31    30    59    75    29    99
    54     8    98    71    62   100    87    39    46    37    80    47    52    67    33    48    20    51    69    89    22    90 10000    68    90    93    18    67    56    66    77    72    25    29   100    59    40    18    19     5     4    35    86    74    88
    39    20    30    15    56    79    90     6    54    73    44    53    56    19    54     8    20    64    10    57    15    22    68 10000    20     8    70    49    83    54    70    64    74     9    41    81    77    37    58    84    37    73    63    49    49
    63    78    20    78    68    22    19     8    44     8    47    42    52    42    40    55    13     3    39    80    32    97    90    20 10000    22     6    13    96    66    90    61   100    10    99    16    63    32    56    98    61    93    31     3     6
    78    86    25    15    78    16    52    73    90    16    69    80    20    14    13    33     3    32    62     8    65    12    93     8    22 10000    39    30    31    20    90    32    57    64    62    97    53     6    27    16    47    53     2    21    50
    44    46    71    70    70    46    55    39    26    65    91    81     4    76    23    15    23    91    22    43    54    78    18    70     6    39 10000    33    38    80     4    82    43    32     1    67    33    50     3    51    97    87    42     7    20
     4    66    51    19    77    77    98    50    37    33    71   100    99     3    91    72    77    44    32    67    71    79    67    49    13    30    33 10000    17     3    71    12    88    33    47    14    78    45     6    47    97     8    71    47    69
    89    78    32    51    17    66    52    13    21    96    83    61    70    39    32    70    39    31     3    39    28    75    56    83    96    31    38    17 10000    16    19    89    17    19    11    29    32     3    44    34    97    46    68    44    79
    55    53    81    62    39    86    16    72    65    94    28    80    47    58    75    95    76    62    41    47    49    69    66    54    66    20    80     3    16 10000    16     9    56    98     1    69    65    61    71    52    69    20    87    58    97
    57    93    59    89    33    24    98    78    20    81    73    28    97    48    29    71    79    21    86    20    71    65    77    70    90    90     4    71    19    16 10000    18    54     5    97    69    95    37    59    93    41    88    21    91    21
    45    38    12    74    98    87    47    52    36    64    80    19    48    78    94    53    97    88    78     7    99     8    72    64    61    32    82    12    89     9    18 10000    52    47    30    40    12    56    25    60    72    63    57    10    13
    36    78    48    37    68    62    49    95    69    50    33     6    78    56    72    40    35    20    26    22    16    73    25    74   100    57    43    88    17    56    54    52 10000    99    98    29    21    47    23    31    27    33     9    26    46
